Epoch: 1: Accuracy: 0.5439110994338989 Loss: 0.6883711814880371 Validation accuracy: 0.5073970556259155 Validation loss: 0.6927823424339294
Epoch: 2: Accuracy: 0.5933777689933777 Loss: 0.6619328856468201 Validation accuracy: 0.675329864025116 Validation loss: 0.6006936430931091
